coordenadas
trindade: 41.15227;-8.60929;104
castelo do queijo:41.16875;-8.68995;4
cais da ribeira:41.14063;-8.61118;25
clerigos:41.14582;-8.61398;87
majestic:41.14723;-8.60657;91
bolhao:41.14871;-8.60746;87
se:41.14331;-8.60914;82